  101
  1.000000 -0.000000
  0.999013  0.000048
  0.996057  0.000191
  0.991144  0.000427
  0.984292  0.000753
  0.975528  0.001167
  0.964888  0.001663
  0.952414  0.002237
  0.938153  0.002881
  0.922164  0.003590
  0.904508  0.004357
  0.885257  0.005174
  0.864484  0.006035
  0.842274  0.006932
  0.818712  0.007856
  0.793893  0.008802
  0.767913  0.009760
  0.740877  0.010723
  0.712890  0.011683
  0.684062  0.012632
  0.654508  0.013562
  0.624345  0.014465
  0.593691  0.015331
  0.562667  0.016152
  0.531395  0.016918
  0.500000  0.017621
  0.468605  0.018250
  0.437333  0.018797
  0.406309  0.019252
  0.375655  0.019606
  0.345492  0.019852
  0.315938  0.019982
  0.287110  0.019990
  0.259123  0.019871
  0.232087  0.019621
  0.206107  0.019237
  0.181288  0.018720
  0.157726  0.018069
  0.135516  0.017287
  0.114743  0.016379
  0.095492  0.015350
  0.077836  0.014205
  0.061847  0.012953
  0.047586  0.011601
  0.035112  0.010158
  0.024472  0.008631
  0.015708  0.007029
  0.008856  0.005359
  0.003943  0.003628
  0.000987  0.001840
  0.000000  0.000000
  0.000987 -0.001840
  0.003943 -0.003628
  0.008856 -0.005359
  0.015708 -0.007029
  0.024472 -0.008631
  0.035112 -0.010158
  0.047586 -0.011601
  0.061847 -0.012953
  0.077836 -0.014205
  0.095492 -0.015350
  0.114743 -0.016379
  0.135516 -0.017287
  0.157726 -0.018069
  0.181288 -0.018720
  0.206107 -0.019237
  0.232087 -0.019621
  0.259123 -0.019871
  0.287110 -0.019990
  0.315938 -0.019982
  0.345492 -0.019852
  0.375655 -0.019606
  0.406309 -0.019252
  0.437333 -0.018797
  0.468605 -0.018250
  0.500000 -0.017621
  0.531395 -0.016918
  0.562667 -0.016152
  0.593691 -0.015331
  0.624345 -0.014465
  0.654508 -0.013562
  0.684062 -0.012632
  0.712890 -0.011683
  0.740877 -0.010723
  0.767913 -0.009760
  0.793893 -0.008802
  0.818712 -0.007856
  0.842274 -0.006932
  0.864484 -0.006035
  0.885257 -0.005174
  0.904508 -0.004357
  0.922164 -0.003590
  0.938153 -0.002881
  0.952414 -0.002237
  0.964888 -0.001663
  0.975528 -0.001167
  0.984292 -0.000753
  0.991144 -0.000427
  0.996057 -0.000191
  0.999013 -0.000048
  1.000000  0.000000
